3089 2591 2767 3076 2945 2614 2689 2545 2494 2704 2649 2870 2586 2457 2599 2670 2359 2750 2603 2810 2613 2746 2860 2837 2681 2630 2670 3002 2463 2685 2723 2411 2996 2655 2535 2492 2555 2788 2386 2878 2456 2894 2844 2749 2843 2959 2981 2551 2691 2780 2545 2481 2964 2723 2619 2722 2581 2640 2374 2913 2590 2619 2460 2809 2944 2641 2944 2595 2556 2981 2628 2854 2612 2676 2942 2851 2591 2618 2929 2529 2672 2808 2920 2662 3020 2671 2848 2704 2590 3018 2495 2717 2785 2943 3048 2796 2717 2598 2566 2640 
2842 2578 2549 2981 2695 2439 2501 2501 2579 2525 2512 2654 2395 2246 2459 2455 2340 2469 2523 2562 2576 2571 2620 2725 2537 2613 2563 2931 2316 2523 2559 2222 2812 2565 2349 2436 2388 2496 2264 2559 2381 2803 2597 2511 2684 2790 2700 2462 2547 2663 2422 2356 2722 2491 2384 2518 2433 2394 2180 2658 2483 2437 2318 2644 2731 2474 2667 2378 2329 2719 2491 2627 2413 2496 2771 2698 2481 2401 2671 2489 2640 2667 2605 2533 2822 2534 2540 2595 2336 2743 2470 2630 2698 2811 2866 2496 2509 2415 2438 2453 
2631 2278 2507 2725 2629 2368 2399 2358 2382 2429 2370 2518 2274 2327 2432 2405 2161 2404 2327 2462 2472 2427 2538 2553 2382 2475 2315 2833 2184 2469 2441 2202 2663 2380 2303 2351 2247 2501 2162 2449 2298 2612 2461 2501 2676 2560 2683 2341 2542 2578 2465 2333 2648 2437 2345 2441 2274 2389 2344 2550 2400 2359 2242 2487 2598 2459 2583 2201 2232 2747 2552 2576 2320 2423 2621 2537 2450 2338 2697 2357 2295 2552 2585 2304 2741 2365 2514 2631 2366 2731 2302 2524 2410 2732 2835 2575 2403 2347 2189 2197 
2666 2262 2465 2475 2602 2172 2369 2287 2320 2439 2596 2493 2320 2228 2426 2328 2198 2453 2391 2396 2535 2412 2602 2508 2425 2241 2389 2698 2108 2459 2303 2178 2550 2355 2148 2233 2217 2458 2146 2459 2242 2616 2587 2459 2553 2560 2469 2365 2317 2426 2379 2240 2480 2430 2380 2411 2297 2346 2343 2525 2248 2306 2261 2488 2587 2369 2634 2226 2356 2696 2611 2552 2270 2364 2630 2528 2414 2439 2585 2229 2355 2485 2578 2287 2632 2266 2504 2553 2157 2577 2163 2407 2582 2420 2741 2566 2416 2271 2260 2320 
2612 2329 2404 2636 2491 2254 2387 2333 2263 2394 2484 2412 2286 2248 2456 2291 2117 2478 2291 2500 2519 2440 2494 2602 2444 2266 2373 2806 2264 2430 2324 2213 2707 2521 2330 2158 2276 2361 2082 2580 2203 2523 2331 2455 2485 2496 2544 2393 2439 2485 2358 2254 2429 2458 2276 2365 2336 2393 2289 2514 2368 2363 2157 2445 2511 2306 2480 2186 2225 2680 2473 2532 2251 2350 2467 2457 2381 2344 2537 2296 2206 2338 2545 2327 2644 2232 2497 2540 2232 2545 2298 2276 2429 2638 2577 2502 2297 2304 2259 2359 
2549 2443 2439 2610 2551 2240 2372 2185 2260 2285 2383 2427 2360 2312 2419 2279 2065 2403 2357 2507 2544 2465 2673 2521 2410 2338 2386 2791 2121 2363 2411 2018 2719 2425 2193 2231 2321 2351 2187 2466 2200 2565 2537 2522 2713 2504 2640 2378 2371 2495 2448 2213 2536 2500 2370 2416 2330 2207 2253 2487 2330 2376 2271 2509 2495 2311 2632 2222 2346 2717 2375 2551 2331 2395 2654 2597 2392 2286 2651 2326 2290 2518 2502 2297 2751 2267 2337 2490 2288 2554 2250 2373 2593 2716 2699 2411 2441 2458 2276 2409 
2495 2324 2319 2582 2474 2248 2249 2187 2178 2274 2198 2409 2120 2132 2178 2234 1986 2347 2241 2255 2432 2221 2466 2545 2334 2324 2314 2529 1985 2247 2174 2041 2495 2366 2033 2092 2097 2445 1868 2419 2087 2469 2365 2337 2511 2482 2454 2207 2286 2318 2319 2112 2281 2356 2254 2279 2312 2196 2162 2429 2238 2224 2048 2395 2458 2295 2463 2107 2137 2470 2349 2438 2230 2260 2479 2413 2234 2186 2470 2197 2207 2295 2352 2124 2467 2202 2311 2368 2051 2648 2081 2279 2512 2449 2533 2350 2323 2231 2209 2262 
3035 2756 2804 3131 3047 2721 2721 2657 2778 2748 2829 2922 2686 2709 2817 2743 2609 2953 2802 2963 2945 2836 3043 3049 2898 2722 2762 3171 2469 2770 2729 2558 3126 2699 2684 2548 2503 2864 2497 3046 2595 3066 2950 2886 2925 3106 3067 2575 2864 2795 2789 2662 2935 2800 2695 2771 2675 2785 2667 2992 2830 2587 2579 2961 3109 2849 2885 2719 2743 3032 3049 3036 2669 2825 2958 3044 2847 2788 3034 2687 2696 2827 2970 2774 2971 2743 2906 2833 2552 3099 2569 2772 3034 3016 3132 3008 2892 2703 2621 2713 
2623 2374 2662 2784 2679 2287 2403 2495 2507 2296 2478 2548 2360 2388 2460 2444 2188 2511 2302 2456 2647 2478 2566 2792 2472 2503 2319 2782 2227 2402 2499 2276 2792 2439 2353 2372 2353 2464 2220 2582 2081 2735 2563 2559 2564 2591 2641 2396 2514 2617 2341 2415 2694 2349 2399 2443 2402 2431 2268 2609 2502 2287 2256 2578 2740 2482 2736 2355 2298 2550 2444 2542 2528 2507 2631 2629 2470 2408 2705 2301 2432 2503 2457 2356 2816 2358 2456 2647 2389 2744 2245 2461 2641 2774 2708 2577 2502 2372 2407 2357 
2758 2447 2592 2784 2753 2351 2541 2439 2429 2584 2502 2604 2358 2479 2528 2418 2230 2622 2390 2537 2649 2496 2731 2685 2500 2621 2561 2994 2271 2488 2364 2330 2806 2542 2412 2408 2445 2607 2139 2545 2425 2694 2561 2586 2583 2713 2692 2445 2621 2621 2490 2456 2731 2636 2491 2518 2373 2520 2418 2642 2424 2364 2298 2605 2721 2535 2747 2346 2277 2935 2669 2683 2409 2397 2707 2728 2524 2473 2776 2537 2426 2614 2792 2552 2733 2560 2511 2639 2407 2704 2311 2491 2775 2797 2887 2702 2480 2444 2313 2445 
2809 2624 2699 2908 2868 2451 2598 2555 2539 2601 2650 2665 2553 2496 2674 2618 2321 2682 2654 2629 2808 2834 2862 2880 2639 2506 2712 2940 2375 2666 2648 2316 2996 2681 2505 2435 2476 2555 2398 2767 2444 2870 2735 2732 2806 2738 2824 2575 2517 2707 2542 2426 2684 2700 2600 2566 2554 2481 2452 2767 2593 2596 2409 2746 2951 2494 2892 2580 2586 2881 2715 2787 2522 2485 2831 2859 2682 2575 2964 2561 2488 2681 2828 2645 2963 2492 2703 2721 2480 2932 2377 2642 2930 2874 2960 2724 2525 2572 2476 2623 
2583 2428 2523 2837 2628 2341 2415 2424 2332 2290 2468 2454 2350 2312 2338 2498 2242 2510 2273 2449 2403 2503 2612 2471 2410 2297 2354 2629 2135 2430 2450 2238 2634 2288 2202 2326 2297 2561 2151 2717 2245 2747 2546 2391 2528 2629 2527 2295 2590 2541 2372 2289 2594 2358 2307 2366 2324 2392 2404 2537 2320 2274 2141 2510 2665 2371 2585 2234 2185 2666 2437 2654 2306 2367 2614 2626 2427 2321 2664 2315 2282 2617 2684 2433 2482 2453 2358 2555 2388 2659 2177 2573 2716 2552 2834 2677 2530 2285 2213 2358 
2632 2536 2479 2742 2772 2392 2404 2368 2260 2413 2447 2451 2381 2296 2376 2394 2219 2652 2292 2487 2593 2499 2535 2588 2430 2511 2379 2688 2096 2408 2376 2125 2735 2437 2212 2366 2293 2506 2078 2582 2111 2772 2515 2556 2510 2589 2589 2436 2376 2579 2441 2248 2530 2385 2406 2358 2362 2443 2233 2643 2429 2263 2113 2590 2659 2283 2532 2315 2291 2691 2416 2649 2406 2375 2561 2666 2440 2445 2651 2280 2273 2405 2487 2432 2708 2309 2536 2473 2329 2714 2354 2461 2747 2698 2750 2529 2457 2424 2297 2454 
2847 2575 2716 2978 3028 2589 2668 2595 2572 2624 2691 2745 2705 2584 2627 2833 2278 2772 2546 2842 2778 2757 2844 2774 2641 2789 2776 2953 2417 2684 2637 2406 2974 2779 2503 2585 2498 2875 2384 2791 2490 2954 2695 2927 2837 2854 2936 2673 2751 2813 2662 2454 2996 2699 2607 2589 2700 2510 2340 2973 2604 2606 2541 2734 2829 2784 2923 2458 2533 2949 2551 2761 2591 2646 2953 2834 2645 2706 2929 2580 2658 2681 2842 2598 2911 2577 2808 2723 2532 2971 2492 2620 2851 2906 2944 2767 2789 2577 2527 2616 
2643 2460 2501 2821 2783 2402 2405 2448 2397 2497 2444 2646 2367 2429 2467 2455 2315 2661 2356 2540 2664 2500 2705 2607 2553 2541 2414 2876 2363 2542 2430 2235 2778 2549 2290 2294 2308 2544 2204 2642 2440 2664 2458 2654 2645 2671 2641 2439 2497 2642 2450 2359 2633 2552 2390 2464 2415 2451 2265 2563 2363 2500 2323 2547 2661 2609 2722 2326 2406 2749 2601 2681 2452 2492 2608 2606 2518 2489 2842 2421 2494 2533 2712 2419 2660 2465 2517 2521 2364 2767 2265 2419 2640 2715 2828 2732 2586 2338 2319 2453 
2640 2437 2506 2723 2580 2332 2418 2491 2314 2338 2449 2484 2229 2353 2483 2507 2260 2544 2236 2561 2539 2490 2619 2594 2551 2329 2396 2915 2221 2419 2327 2230 2715 2486 2259 2250 2290 2648 2062 2589 2323 2633 2429 2525 2644 2778 2680 2352 2600 2508 2444 2284 2616 2551 2435 2447 2366 2409 2367 2544 2382 2328 2204 2589 2510 2561 2634 2375 2335 2832 2628 2681 2365 2480 2553 2753 2443 2462 2636 2451 2444 2594 2626 2497 2593 2431 2446 2603 2332 2693 2251 2359 2587 2539 2771 2636 2586 2395 2400 2342 
2609 2289 2303 2774 2653 2411 2380 2428 2347 2407 2438 2475 2420 2326 2467 2424 2095 2452 2358 2461 2544 2501 2515 2616 2550 2348 2348 2702 2192 2406 2428 2273 2627 2573 2287 2351 2245 2458 2117 2523 2257 2673 2403 2587 2606 2547 2530 2360 2442 2524 2408 2344 2595 2353 2272 2416 2294 2317 2199 2529 2421 2432 2342 2566 2549 2496 2563 2183 2379 2619 2501 2535 2517 2538 2540 2450 2410 2318 2633 2175 2472 2438 2567 2297 2689 2423 2491 2510 2373 2649 2246 2413 2517 2641 2673 2586 2463 2253 2320 2349 
2733 2638 2728 3030 2885 2507 2490 2550 2419 2620 2607 2658 2435 2554 2600 2635 2396 2669 2462 2770 2536 2688 2863 2755 2555 2668 2692 3054 2263 2583 2628 2516 2887 2621 2411 2503 2258 2651 2340 2668 2432 2825 2766 2801 2822 2841 2794 2479 2579 2705 2564 2424 2778 2654 2558 2720 2437 2483 2403 2710 2560 2506 2317 2813 2797 2690 2772 2471 2525 2970 2703 2788 2381 2577 2945 2844 2595 2681 2767 2645 2595 2615 2772 2678 2868 2536 2819 2775 2441 2987 2441 2550 2919 2794 2931 2817 2713 2595 2540 2610 
2711 2496 2706 2833 2811 2432 2447 2532 2447 2392 2557 2612 2433 2427 2528 2512 2357 2664 2478 2587 2619 2543 2686 2794 2562 2494 2598 2868 2184 2524 2503 2276 2891 2564 2381 2459 2469 2529 2226 2684 2310 2593 2650 2704 2605 2756 2765 2394 2575 2593 2480 2389 2896 2595 2352 2559 2492 2418 2383 2677 2577 2389 2419 2656 2745 2453 2713 2353 2374 2751 2532 2658 2447 2576 2702 2742 2473 2501 2719 2387 2519 2566 2761 2616 2710 2489 2635 2712 2459 2900 2393 2554 2609 2681 2813 2577 2523 2397 2455 2435 
2803 2602 2804 2929 2773 2501 2609 2507 2542 2532 2563 2687 2414 2391 2602 2616 2313 2670 2497 2533 2744 2583 2790 2743 2541 2578 2542 2963 2291 2654 2595 2400 2864 2609 2323 2505 2537 2715 2285 2807 2323 2751 2687 2708 2774 2858 2852 2445 2599 2692 2496 2449 2738 2589 2582 2557 2512 2546 2491 2844 2559 2458 2351 2731 2813 2418 2907 2318 2338 2792 2511 2730 2617 2568 2727 2815 2711 2604 2875 2476 2498 2754 2775 2674 2925 2430 2644 2726 2547 2770 2348 2734 2736 2701 2953 2652 2548 2377 2449 2519 
2422 2284 2280 2487 2380 2031 2247 2215 2186 2069 2229 2331 1969 2028 2236 2224 2109 2348 2122 2197 2384 2328 2382 2364 2228 2013 2254 2534 2009 2209 2155 2026 2540 2194 1997 2053 2171 2163 1998 2329 2030 2402 2351 2240 2326 2350 2319 2135 2223 2267 2215 2004 2345 2244 2193 2046 2153 2074 2088 2378 2134 2036 1997 2376 2442 2132 2387 2163 2128 2415 2336 2436 2273 2295 2323 2436 2150 2139 2359 2064 2254 2281 2393 2317 2376 2083 2172 2380 2201 2446 1938 2312 2372 2295 2452 2333 2218 2095 2113 2134 
2640 2457 2451 2780 2779 2432 2558 2394 2283 2410 2497 2468 2504 2370 2407 2489 2114 2530 2479 2452 2651 2564 2554 2580 2586 2378 2431 2827 2337 2402 2468 2222 2729 2502 2332 2307 2309 2619 2007 2649 2318 2741 2505 2612 2576 2596 2669 2458 2784 2662 2486 2272 2855 2489 2269 2442 2386 2343 2224 2606 2287 2349 2414 2588 2573 2420 2649 2244 2458 2710 2546 2702 2308 2384 2518 2743 2380 2568 2655 2221 2482 2568 2631 2503 2752 2446 2499 2450 2420 2819 2386 2572 2663 2607 2818 2496 2565 2358 2321 2363 
2739 2433 2652 2813 2661 2500 2544 2471 2319 2528 2575 2630 2452 2369 2569 2507 2238 2596 2375 2579 2634 2525 2672 2634 2609 2482 2527 2866 2369 2548 2523 2192 2794 2597 2374 2335 2388 2477 2088 2597 2303 2595 2528 2650 2649 2748 2708 2504 2474 2665 2473 2283 2626 2540 2535 2542 2393 2397 2323 2659 2571 2382 2299 2652 2547 2481 2708 2487 2467 2828 2552 2688 2426 2549 2652 2856 2513 2433 2723 2452 2537 2530 2759 2552 2840 2411 2588 2571 2347 2819 2335 2443 2600 2687 2792 2648 2476 2465 2384 2304 
2601 2581 2650 2895 2705 2471 2442 2420 2488 2440 2674 2546 2364 2328 2591 2650 2448 2593 2435 2496 2608 2591 2626 2657 2537 2583 2512 2915 2208 2566 2513 2285 2789 2419 2353 2567 2399 2500 2257 2657 2326 2617 2579 2653 2669 2656 2709 2555 2446 2681 2415 2366 2574 2599 2412 2419 2365 2452 2446 2732 2528 2391 2405 2549 2762 2541 2697 2286 2332 2639 2511 2759 2578 2570 2747 2770 2571 2421 2838 2420 2548 2592 2722 2439 2733 2422 2480 2668 2457 2810 2476 2532 2611 2780 2922 2697 2501 2350 2400 2444 
2962 2560 2773 2880 2813 2488 2589 2517 2573 2528 2602 2740 2502 2449 2564 2650 2340 2616 2451 2621 2840 2636 2804 2845 2758 2575 2657 2947 2315 2567 2657 2310 2846 2668 2495 2425 2503 2807 2329 2915 2412 2771 2616 2778 2725 2753 2809 2662 2610 2792 2573 2580 2742 2551 2597 2543 2542 2528 2474 2604 2670 2549 2374 2758 2913 2544 2908 2476 2599 2935 2683 2785 2640 2607 2717 2928 2692 2547 2961 2437 2633 2723 2715 2610 2893 2525 2646 2656 2496 2770 2449 2667 2593 2739 3043 2704 2721 2477 2572 2415 
2668 2411 2573 2683 2672 2360 2496 2353 2424 2381 2542 2514 2421 2435 2472 2459 2193 2516 2315 2583 2599 2571 2629 2561 2419 2320 2486 2888 2227 2445 2342 2313 2633 2569 2312 2278 2288 2549 2251 2592 2295 2629 2573 2529 2574 2710 2590 2244 2505 2561 2390 2351 2687 2562 2372 2428 2326 2276 2320 2645 2351 2230 2295 2480 2657 2364 2619 2329 2332 2697 2453 2652 2344 2422 2700 2525 2418 2389 2614 2399 2341 2486 2605 2468 2584 2392 2384 2566 2317 2711 2342 2423 2756 2548 2610 2518 2718 2443 2243 2403 
2444 2363 2354 2579 2439 2200 2227 2314 2300 2135 2278 2394 2154 2259 2184 2329 2121 2322 2207 2328 2440 2311 2449 2537 2365 2249 2281 2542 2029 2211 2237 2049 2586 2224 2165 2129 2115 2415 1984 2518 1980 2578 2355 2415 2462 2546 2494 2183 2411 2339 2255 2222 2499 2322 2117 2211 2292 2230 2124 2402 2201 2175 2148 2290 2524 2253 2384 2225 2233 2490 2449 2488 2176 2195 2403 2445 2247 2237 2456 2222 2165 2226 2329 2246 2471 2211 2316 2395 2200 2557 2131 2278 2498 2431 2516 2409 2277 2238 2134 2151 
2509 2269 2373 2533 2576 2077 2346 2347 2270 2185 2277 2456 2215 2218 2208 2410 2042 2362 2140 2347 2421 2363 2466 2429 2178 2304 2208 2632 2107 2260 2155 2106 2509 2371 2203 2261 2070 2315 2089 2409 2059 2424 2368 2395 2393 2508 2501 2304 2340 2422 2215 2169 2538 2280 2286 2391 2257 2218 2181 2418 2248 2134 2117 2497 2412 2319 2504 2200 2153 2462 2341 2478 2331 2300 2456 2470 2303 2196 2462 2192 2282 2428 2433 2445 2452 2224 2336 2362 2263 2493 2197 2203 2491 2467 2502 2437 2359 2261 2189 2284 
2861 2498 2702 2817 2835 2461 2607 2496 2469 2659 2605 2614 2424 2481 2544 2559 2321 2675 2375 2552 2667 2686 2712 2701 2599 2487 2524 2881 2318 2587 2399 2385 2739 2665 2389 2525 2500 2731 2162 2762 2394 2922 2744 2712 2743 2786 2707 2590 2588 2744 2569 2431 2639 2644 2648 2478 2306 2410 2396 2663 2446 2422 2365 2718 2865 2632 2782 2447 2440 2909 2853 2855 2526 2544 2701 2863 2597 2486 2743 2435 2509 2645 2703 2553 2667 2479 2595 2695 2451 2936 2444 2572 2701 2740 2964 2762 2690 2424 2494 2375 
2911 2580 2694 2930 2978 2481 2686 2535 2523 2777 2764 2826 2644 2417 2702 2602 2354 2805 2678 2653 2715 2718 2906 2773 2673 2576 2703 3082 2298 2625 2529 2506 2992 2648 2545 2429 2468 2707 2322 2742 2521 2836 2805 2828 2838 2758 2707 2596 2748 2755 2723 2459 2839 2697 2581 2717 2654 2603 2524 2858 2547 2570 2494 2841 2971 2576 2802 2529 2570 2978 2750 2908 2551 2604 2990 2768 2624 2671 2881 2564 2595 2723 2832 2663 2972 2526 2679 2822 2467 2925 2375 2620 3061 2795 3085 2736 2772 2567 2437 2636 
2512 2519 2418 2641 2551 2323 2424 2330 2291 2321 2514 2326 2281 2334 2416 2380 2103 2346 2284 2454 2573 2370 2491 2627 2350 2259 2456 2609 2129 2541 2355 2188 2626 2363 2163 2224 2159 2437 2175 2478 2262 2584 2305 2634 2599 2625 2557 2403 2263 2487 2351 2191 2408 2447 2258 2305 2281 2237 2252 2592 2212 2384 2155 2523 2472 2329 2561 2187 2241 2563 2413 2641 2177 2326 2489 2450 2281 2387 2572 2343 2267 2390 2549 2293 2527 2292 2440 2392 2224 2490 2265 2398 2529 2573 2669 2516 2384 2186 2264 2286 
2844 2406 2520 2719 2694 2386 2574 2301 2561 2495 2594 2563 2480 2354 2462 2443 2319 2535 2490 2619 2709 2628 2641 2651 2496 2480 2622 2905 2466 2549 2442 2218 2774 2512 2357 2335 2427 2589 2255 2590 2334 2696 2608 2561 2602 2662 2699 2466 2479 2617 2441 2318 2498 2555 2465 2404 2408 2372 2354 2608 2340 2421 2326 2646 2742 2478 2674 2266 2351 2729 2626 2773 2434 2579 2687 2520 2668 2519 2732 2453 2337 2572 2665 2401 2814 2510 2531 2680 2216 2584 2384 2606 2672 2799 2819 2610 2604 2363 2399 2419 
2805 2429 2552 2816 2748 2353 2489 2497 2396 2487 2487 2605 2276 2527 2400 2469 2172 2564 2327 2525 2616 2662 2650 2784 2454 2469 2415 2754 2339 2491 2469 2280 2805 2532 2273 2373 2205 2634 2213 2517 2234 2741 2604 2623 2749 2711 2817 2502 2515 2659 2519 2340 2568 2411 2385 2484 2260 2428 2342 2580 2349 2398 2325 2683 2694 2555 2616 2372 2354 2679 2570 2726 2479 2384 2700 2698 2479 2409 2738 2306 2345 2576 2642 2497 2756 2459 2504 2715 2468 2761 2218 2450 2737 2686 2749 2751 2553 2421 2360 2380 
2850 2608 2718 2877 2727 2499 2636 2518 2349 2472 2589 2676 2520 2484 2626 2590 2381 2684 2490 2712 2596 2767 2765 2756 2604 2431 2616 2973 2334 2478 2531 2379 2985 2742 2464 2402 2340 2706 2261 2760 2412 2858 2660 2650 2688 2718 2760 2560 2681 2745 2523 2390 2729 2639 2484 2682 2470 2465 2489 2664 2537 2449 2390 2699 2895 2534 2796 2549 2485 2833 2737 2809 2643 2539 2848 2686 2671 2584 2813 2468 2642 2712 2770 2544 2860 2540 2622 2737 2340 2848 2316 2613 2863 2759 2871 2740 2756 2499 2521 2521 
2691 2480 2588 2831 2797 2385 2557 2358 2411 2464 2644 2690 2431 2543 2607 2612 2227 2607 2547 2634 2623 2789 2680 2622 2516 2523 2478 2987 2306 2532 2529 2278 2915 2658 2396 2483 2365 2640 2257 2708 2441 2886 2756 2588 2799 2775 2703 2547 2696 2790 2483 2368 2866 2546 2371 2477 2467 2436 2465 2715 2430 2491 2431 2703 2784 2511 2700 2449 2466 2798 2517 2722 2597 2425 2767 2727 2472 2560 2668 2410 2520 2626 2698 2514 2805 2446 2632 2673 2513 2821 2337 2534 2791 2682 2833 2561 2629 2589 2298 2444 
2579 2351 2249 2458 2458 2083 2363 2202 2340 2267 2291 2419 2100 2188 2303 2268 2047 2273 2222 2453 2313 2454 2493 2373 2327 2216 2391 2651 2013 2240 2255 2088 2618 2253 2098 2119 2326 2384 2014 2317 2155 2393 2348 2361 2421 2422 2490 2168 2207 2368 2301 2039 2399 2286 2370 2276 2204 2206 2202 2442 2199 2249 2142 2351 2454 2195 2389 2178 2147 2552 2380 2448 2184 2244 2432 2323 2338 2302 2510 2289 2125 2373 2427 2296 2548 2220 2348 2432 2136 2424 2208 2331 2550 2292 2507 2390 2230 2282 2159 2196 
2745 2526 2678 2605 2549 2471 2517 2371 2363 2431 2408 2556 2370 2403 2552 2364 2197 2554 2392 2641 2661 2521 2777 2573 2444 2443 2397 2829 2128 2434 2433 2278 2690 2611 2278 2326 2522 2522 2218 2535 2279 2688 2697 2573 2696 2695 2669 2424 2539 2550 2493 2339 2555 2548 2533 2452 2363 2273 2355 2645 2387 2282 2376 2512 2618 2388 2671 2440 2342 2846 2564 2613 2403 2518 2672 2635 2488 2370 2641 2390 2376 2576 2455 2462 2876 2376 2507 2613 2331 2716 2253 2423 2686 2597 2810 2541 2528 2420 2253 2483 
2652 2378 2394 2755 2658 2351 2503 2295 2488 2370 2351 2571 2287 2423 2306 2416 2168 2433 2390 2572 2518 2425 2565 2507 2401 2371 2499 2797 2193 2399 2420 2197 2756 2465 2254 2384 2314 2513 2196 2692 2216 2524 2496 2444 2511 2526 2557 2210 2503 2494 2328 2215 2680 2404 2338 2450 2454 2376 2203 2599 2389 2367 2120 2660 2706 2399 2617 2200 2263 2619 2583 2535 2324 2474 2483 2606 2528 2552 2688 2347 2390 2602 2596 2449 2644 2537 2531 2481 2204 2772 2082 2528 2696 2533 2743 2522 2502 2321 2266 2384 
2729 2653 2682 2788 2641 2506 2555 2518 2277 2467 2601 2559 2435 2435 2512 2459 2229 2530 2399 2594 2628 2613 2595 2847 2602 2423 2433 2874 2266 2438 2500 2350 2979 2537 2398 2455 2328 2523 2304 2739 2234 2697 2575 2719 2751 2805 2752 2665 2477 2788 2413 2340 2611 2584 2376 2423 2302 2471 2403 2692 2424 2457 2253 2717 2739 2485 2694 2439 2376 2666 2433 2680 2511 2514 2662 2777 2511 2495 2665 2363 2430 2525 2749 2472 2788 2306 2627 2646 2458 2841 2237 2483 2678 2810 2751 2593 2569 2542 2476 2395 
2775 2560 2576 2633 2744 2281 2414 2342 2460 2520 2480 2585 2422 2442 2557 2461 2231 2638 2501 2626 2747 2527 2783 2773 2551 2416 2516 2826 2225 2523 2488 2257 2757 2466 2327 2255 2320 2587 2262 2634 2276 2875 2783 2608 2662 2639 2641 2456 2592 2594 2583 2418 2710 2513 2455 2460 2458 2401 2297 2588 2414 2347 2340 2612 2694 2437 2839 2451 2478 2854 2714 2630 2362 2488 2683 2766 2428 2474 2732 2335 2369 2646 2571 2470 2794 2380 2677 2586 2277 2704 2419 2607 2835 2575 2862 2562 2565 2518 2453 2432 
2745 2440 2635 2559 2599 2403 2592 2273 2402 2411 2504 2349 2434 2322 2411 2392 2208 2505 2317 2556 2594 2420 2658 2583 2426 2349 2335 2754 2290 2512 2496 2211 2717 2640 2212 2259 2304 2424 2137 2688 2195 2617 2558 2575 2438 2595 2645 2450 2406 2482 2352 2262 2526 2534 2324 2348 2279 2384 2247 2586 2430 2328 2294 2565 2627 2355 2547 2332 2299 2654 2453 2583 2367 2323 2728 2654 2462 2350 2666 2396 2308 2402 2601 2333 2654 2310 2454 2477 2389 2658 2241 2385 2617 2592 2734 2562 2436 2358 2200 2408 
2536 2266 2345 2598 2617 2178 2417 2239 2157 2212 2397 2437 2393 2286 2306 2400 2075 2440 2281 2447 2490 2359 2438 2406 2343 2294 2325 2631 2142 2373 2294 2136 2586 2270 2137 2247 2315 2488 2019 2568 2104 2535 2413 2443 2454 2478 2562 2220 2240 2363 2203 2092 2545 2429 2345 2175 2175 2234 2171 2514 2195 2180 2243 2502 2396 2284 2546 2178 2192 2562 2366 2355 2255 2342 2397 2495 2274 2492 2519 2163 2079 2324 2535 2347 2478 2286 2388 2365 2258 2519 2213 2284 2466 2459 2488 2438 2432 2323 2201 2303 
2684 2589 2687 2745 2685 2466 2450 2426 2439 2411 2518 2574 2334 2351 2449 2431 2369 2528 2340 2528 2687 2523 2731 2784 2517 2421 2567 2845 2144 2394 2360 2318 2810 2507 2320 2346 2382 2565 2173 2591 2257 2648 2557 2676 2518 2626 2613 2436 2569 2511 2349 2234 2625 2626 2382 2388 2458 2477 2316 2567 2518 2350 2287 2586 2651 2494 2599 2342 2334 2735 2604 2632 2465 2396 2625 2706 2494 2332 2827 2478 2448 2508 2610 2488 2615 2516 2554 2516 2312 2770 2357 2462 2738 2704 2879 2617 2481 2326 2347 2330 
2702 2491 2617 2666 2723 2414 2457 2412 2516 2506 2453 2583 2367 2391 2534 2354 2236 2590 2386 2666 2692 2519 2690 2783 2539 2570 2355 2897 2295 2431 2430 2289 2862 2498 2342 2426 2385 2517 2234 2524 2434 2774 2569 2600 2672 2759 2740 2423 2608 2671 2483 2417 2657 2465 2411 2471 2315 2481 2384 2649 2411 2356 2379 2679 2640 2666 2691 2402 2284 2703 2649 2673 2439 2453 2625 2622 2545 2464 2641 2438 2477 2617 2686 2440 2754 2462 2461 2668 2340 2771 2278 2517 2759 2768 2831 2640 2592 2499 2411 2501 
2649 2406 2611 2736 2722 2341 2414 2418 2430 2402 2530 2490 2351 2301 2446 2456 2325 2672 2307 2499 2569 2525 2657 2681 2410 2330 2491 2756 2171 2368 2335 2428 2680 2429 2309 2143 2284 2418 2177 2478 2267 2510 2576 2707 2540 2558 2551 2343 2448 2500 2436 2278 2597 2595 2448 2396 2356 2321 2369 2467 2397 2273 2365 2612 2518 2565 2578 2361 2426 2759 2561 2626 2362 2597 2693 2527 2447 2328 2617 2483 2374 2392 2658 2522 2647 2419 2425 2615 2302 2707 2288 2318 2597 2651 2702 2664 2527 2334 2217 2409 
2820 2547 2534 2664 2789 2333 2530 2421 2502 2585 2617 2577 2404 2460 2590 2489 2404 2613 2485 2596 2800 2642 2801 2775 2599 2475 2548 2928 2395 2532 2549 2247 2785 2657 2335 2281 2325 2751 2220 2657 2331 2733 2584 2698 2657 2767 2757 2496 2504 2577 2479 2396 2514 2604 2514 2525 2355 2518 2527 2702 2523 2465 2341 2682 2776 2529 2827 2429 2483 2786 2665 2796 2523 2552 2784 2677 2709 2391 2873 2379 2494 2613 2554 2405 2828 2426 2510 2642 2292 2726 2344 2449 2694 2670 2795 2695 2546 2513 2491 2520 
2919 2738 2845 2926 2824 2618 2695 2551 2568 2534 2833 2696 2702 2600 2590 2702 2356 2769 2514 2732 2880 2887 2941 2723 2635 2511 2758 2985 2355 2633 2645 2399 2937 2756 2460 2522 2575 2783 2432 2857 2411 2864 2705 2810 2712 2896 2883 2618 2720 2822 2682 2472 2773 2696 2571 2620 2653 2664 2489 2988 2553 2569 2448 2783 2914 2561 2860 2354 2520 2907 2616 2871 2564 2691 2956 2710 2730 2622 2967 2556 2559 2681 2834 2633 2885 2554 2633 2803 2449 2852 2482 2708 3073 2822 3007 2836 2858 2510 2474 2679 
2517 2453 2410 2532 2630 2226 2253 2189 2148 2251 2448 2459 2318 2234 2369 2415 2085 2485 2252 2429 2521 2390 2575 2422 2385 2342 2316 2669 2046 2323 2290 2038 2607 2340 2003 2149 2213 2431 2105 2556 2209 2547 2477 2527 2501 2508 2508 2420 2237 2392 2267 2210 2410 2318 2317 2337 2264 2205 2305 2498 2182 2201 2245 2512 2493 2361 2554 2169 2382 2520 2272 2540 2148 2254 2565 2502 2254 2269 2682 2193 2290 2346 2404 2178 2582 2129 2385 2370 2256 2567 2206 2231 2583 2464 2498 2431 2334 2256 2224 2394 
2747 2422 2524 2704 2689 2257 2501 2443 2396 2379 2469 2622 2332 2339 2522 2661 2220 2650 2476 2451 2546 2616 2627 2710 2518 2411 2424 2888 2228 2487 2375 2317 2839 2530 2293 2308 2258 2499 2140 2670 2385 2763 2633 2518 2666 2825 2728 2482 2665 2642 2412 2323 2613 2501 2381 2471 2465 2503 2503 2622 2339 2336 2300 2699 2731 2588 2668 2386 2363 2680 2683 2703 2541 2346 2646 2845 2425 2455 2561 2509 2431 2471 2726 2451 2742 2366 2598 2642 2487 2836 2177 2351 2612 2669 2771 2569 2571 2384 2477 2473 
2807 2587 2738 2974 2949 2626 2672 2545 2565 2671 2698 2824 2619 2747 2709 2604 2374 2839 2580 2776 2898 2794 2932 2878 2749 2595 2633 3092 2454 2700 2606 2476 2994 2732 2453 2428 2524 2771 2486 2780 2511 2900 2770 2843 2909 2970 2928 2585 2773 2765 2725 2450 2710 2736 2631 2779 2551 2531 2497 2908 2484 2515 2505 2782 2928 2656 2866 2659 2615 2924 2729 2985 2600 2588 2830 2994 2686 2682 3001 2652 2513 2784 2772 2655 3076 2502 2728 2843 2507 3048 2423 2569 2973 2905 3000 2757 2846 2620 2594 2614 
2704 2505 2546 2685 2725 2362 2497 2205 2326 2477 2508 2615 2481 2322 2522 2453 2211 2529 2417 2529 2574 2522 2618 2575 2486 2394 2503 2776 2182 2542 2446 2140 2715 2542 2215 2394 2252 2556 2169 2526 2268 2744 2576 2608 2648 2637 2662 2347 2356 2558 2365 2284 2629 2526 2369 2476 2310 2240 2246 2601 2414 2416 2407 2715 2727 2414 2632 2304 2516 2608 2520 2564 2438 2331 2715 2681 2524 2333 2773 2369 2466 2570 2604 2312 2714 2349 2508 2516 2254 2733 2296 2457 2685 2645 2766 2514 2476 2346 2303 2363 
2908 2633 2686 2882 3049 2494 2622 2603 2530 2641 2605 2748 2546 2466 2672 2675 2290 2703 2453 2752 2825 2727 2975 2978 2705 2488 2744 3070 2486 2568 2551 2550 2981 2704 2498 2419 2545 2760 2329 2765 2587 2951 2713 2834 2874 2769 2857 2515 2756 2630 2692 2404 2802 2811 2548 2582 2451 2532 2524 2768 2604 2550 2494 2875 2837 2713 2985 2527 2486 2964 2763 2921 2655 2605 2749 2896 2659 2454 2833 2563 2580 2710 2767 2753 2973 2567 2727 2791 2583 2907 2497 2624 2785 2841 3005 2720 2643 2564 2505 2609 
2693 2395 2516 2669 2679 2355 2474 2353 2273 2447 2620 2535 2425 2398 2574 2385 2208 2517 2425 2567 2718 2575 2585 2602 2472 2262 2534 2914 2240 2393 2405 2255 2753 2585 2391 2285 2264 2463 2209 2637 2384 2640 2503 2591 2611 2684 2631 2456 2474 2533 2340 2388 2563 2409 2383 2348 2263 2429 2343 2656 2421 2344 2302 2728 2718 2416 2553 2323 2499 2658 2659 2662 2389 2425 2608 2567 2393 2418 2697 2289 2542 2547 2630 2390 2714 2379 2491 2501 2272 2732 2152 2479 2697 2559 2692 2613 2541 2379 2238 2403 
2680 2372 2498 2771 2794 2389 2475 2393 2436 2476 2504 2565 2374 2335 2491 2450 2247 2576 2432 2494 2639 2520 2707 2672 2497 2463 2541 2870 2295 2443 2500 2292 2826 2445 2280 2291 2284 2515 2173 2694 2307 2743 2569 2634 2618 2704 2650 2477 2500 2547 2441 2312 2602 2488 2407 2374 2361 2421 2365 2564 2356 2412 2393 2687 2680 2396 2666 2340 2398 2728 2577 2594 2543 2238 2649 2715 2487 2481 2637 2351 2465 2563 2604 2550 2785 2346 2487 2568 2460 2689 2240 2523 2674 2641 2812 2539 2423 2543 2205 2467 
2821 2494 2667 2843 2821 2458 2617 2524 2569 2606 2722 2565 2469 2506 2706 2565 2443 2651 2547 2667 2747 2670 2775 2715 2504 2491 2588 3063 2499 2733 2642 2373 2852 2710 2338 2366 2467 2547 2258 2675 2396 2841 2782 2704 2797 2720 2763 2510 2541 2669 2620 2400 2607 2621 2553 2557 2531 2422 2429 2671 2594 2394 2364 2675 2787 2549 2765 2487 2451 2812 2738 2688 2529 2620 2791 2850 2633 2540 2816 2528 2521 2649 2688 2704 2913 2441 2667 2780 2395 2886 2430 2696 2802 2727 2912 2735 2680 2514 2470 2471 
2751 2519 2721 2876 2695 2392 2644 2306 2536 2603 2615 2679 2361 2475 2729 2627 2229 2543 2494 2595 2635 2644 2709 2720 2658 2534 2533 2920 2322 2631 2586 2407 2872 2568 2418 2497 2488 2720 2249 2736 2445 2821 2732 2582 2762 2781 2809 2486 2695 2826 2490 2406 2867 2615 2550 2471 2504 2570 2459 2728 2479 2587 2437 2747 2883 2539 2792 2367 2367 2870 2571 2640 2571 2403 2814 2758 2610 2481 2865 2584 2551 2789 2785 2575 2975 2487 2646 2702 2508 2771 2360 2613 2664 2636 2915 2733 2576 2456 2429 2483 
2436 2295 2398 2555 2500 2222 2304 2205 2208 2179 2315 2309 2190 2274 2293 2300 2100 2311 2235 2362 2505 2233 2629 2536 2354 2269 2287 2686 2153 2311 2300 2141 2628 2302 2061 2161 2184 2349 1932 2539 2140 2517 2457 2483 2458 2478 2444 2315 2475 2359 2417 2217 2542 2420 2263 2302 2266 2196 2279 2475 2216 2062 2106 2442 2489 2235 2534 2209 2248 2590 2438 2567 2270 2348 2466 2621 2210 2290 2541 2267 2227 2459 2354 2308 2559 2255 2284 2326 2359 2576 2181 2354 2502 2346 2538 2476 2418 2310 2275 2236 
2588 2403 2509 2750 2635 2328 2552 2410 2512 2482 2539 2595 2323 2409 2604 2416 2202 2488 2427 2550 2627 2570 2575 2664 2427 2357 2289 2799 2195 2525 2451 2172 2769 2426 2364 2400 2302 2416 2176 2484 2176 2715 2486 2442 2641 2660 2656 2353 2506 2559 2355 2388 2599 2316 2380 2425 2428 2434 2387 2616 2412 2393 2181 2600 2722 2362 2638 2332 2332 2638 2472 2622 2463 2405 2567 2673 2439 2445 2628 2335 2375 2588 2639 2434 2791 2356 2464 2627 2359 2538 2312 2511 2668 2664 2819 2589 2510 2364 2173 2388 
2648 2348 2588 2732 2637 2315 2473 2469 2265 2370 2570 2483 2316 2282 2493 2441 2232 2514 2384 2364 2550 2579 2711 2629 2478 2205 2441 2675 2278 2434 2397 2190 2771 2354 2320 2333 2224 2467 2110 2609 2237 2734 2491 2509 2572 2597 2604 2501 2554 2433 2386 2206 2469 2482 2345 2361 2394 2427 2268 2686 2462 2339 2342 2536 2687 2451 2534 2356 2325 2619 2574 2626 2497 2297 2682 2581 2435 2459 2717 2245 2419 2472 2630 2510 2733 2288 2472 2559 2445 2602 2257 2402 2708 2641 2818 2649 2428 2289 2275 2400 
2991 2622 2785 3157 3073 2544 2690 2677 2703 2708 2763 2823 2670 2617 2769 2716 2446 2880 2652 2748 2682 2943 2890 2769 2737 2753 2717 3212 2548 2653 2666 2579 2983 2818 2629 2646 2594 2777 2326 2924 2585 3014 2864 2803 3105 3051 2947 2603 2719 2961 2799 2495 2860 2805 2808 2626 2501 2680 2439 2977 2665 2613 2684 2868 2961 2893 2865 2613 2552 3054 2856 2969 2823 2736 2906 2984 2881 2737 2991 2536 2718 2773 2925 2852 3096 2639 2807 2868 2594 3039 2511 2654 2955 3061 3107 2941 2770 2627 2533 2654 
2477 2216 2367 2534 2463 2139 2292 2247 2272 2198 2425 2275 2219 2168 2237 2352 2120 2326 2203 2236 2335 2396 2498 2439 2361 2265 2391 2730 2158 2143 2128 2072 2487 2288 2157 2245 2209 2408 2002 2432 2175 2472 2397 2411 2434 2606 2390 2247 2334 2494 2219 2087 2425 2409 2346 2319 2155 2197 2273 2453 2265 2174 2216 2495 2461 2342 2442 2197 2169 2528 2463 2589 2284 2363 2467 2438 2510 2258 2492 2212 2192 2335 2486 2280 2423 2265 2271 2392 2136 2606 2068 2306 2519 2432 2620 2348 2367 2218 2237 2155 
2623 2580 2487 2799 2583 2394 2500 2415 2481 2515 2422 2553 2288 2432 2557 2350 2239 2528 2449 2612 2606 2550 2688 2705 2579 2362 2409 2861 2247 2486 2560 2183 2808 2498 2314 2268 2397 2573 2192 2747 2284 2742 2503 2484 2666 2649 2620 2351 2591 2542 2440 2343 2640 2562 2394 2393 2484 2366 2225 2710 2402 2449 2318 2530 2688 2442 2788 2441 2370 2681 2621 2546 2413 2575 2574 2710 2526 2541 2673 2320 2430 2608 2644 2383 2649 2409 2476 2516 2259 2857 2213 2572 2714 2590 2853 2531 2536 2399 2313 2377 
2965 2613 2626 2979 3086 2558 2742 2648 2660 2669 2746 2816 2724 2463 2740 2749 2424 2865 2614 2784 2707 2757 2924 2843 2774 2579 2771 3062 2463 2649 2680 2421 3040 2632 2569 2414 2507 2707 2376 2981 2499 2960 2812 2765 2936 2902 2848 2589 2716 2746 2784 2499 2913 2725 2699 2671 2743 2623 2572 2868 2748 2505 2494 2882 2824 2688 2883 2699 2646 2993 2794 2882 2631 2782 2889 2961 2718 2610 2886 2608 2601 2722 2879 2673 2970 2606 2762 2814 2588 2981 2491 2660 2856 2976 3022 2815 2629 2681 2487 2602 
2678 2439 2686 2796 2714 2404 2542 2421 2437 2516 2546 2583 2400 2452 2454 2527 2304 2616 2497 2578 2744 2473 2820 2727 2478 2490 2567 2915 2216 2566 2495 2355 2750 2581 2325 2354 2341 2606 2202 2730 2293 2749 2640 2707 2559 2768 2733 2400 2612 2586 2537 2458 2674 2604 2475 2624 2575 2477 2345 2731 2571 2447 2345 2635 2838 2483 2767 2425 2401 2805 2658 2654 2453 2497 2890 2648 2555 2558 2708 2471 2390 2630 2583 2487 2732 2479 2520 2703 2233 2903 2355 2597 2815 2606 2954 2616 2639 2543 2443 2453 
2868 2410 2714 2990 2824 2444 2562 2517 2398 2515 2565 2693 2509 2474 2561 2454 2371 2575 2470 2651 2619 2652 2729 2683 2508 2521 2656 2878 2404 2603 2541 2426 2850 2631 2403 2267 2454 2738 2196 2819 2372 2792 2642 2736 2697 2708 2784 2293 2526 2583 2537 2310 2764 2574 2516 2471 2395 2509 2298 2670 2514 2384 2397 2776 2738 2471 2685 2447 2327 2834 2711 2574 2516 2476 2785 2591 2513 2630 2791 2426 2495 2511 2657 2651 2867 2477 2485 2631 2425 2812 2223 2534 2757 2658 2769 2624 2641 2468 2352 2467 
2592 2463 2475 2729 2707 2406 2431 2389 2425 2408 2472 2522 2359 2416 2449 2435 2271 2641 2375 2488 2570 2617 2631 2546 2483 2472 2479 2763 2202 2243 2373 2183 2699 2434 2291 2372 2384 2538 2187 2702 2241 2681 2489 2526 2526 2627 2516 2367 2527 2540 2385 2349 2657 2386 2339 2333 2371 2405 2261 2633 2344 2282 2327 2599 2736 2335 2609 2376 2277 2653 2452 2709 2436 2505 2472 2599 2555 2380 2603 2224 2393 2428 2560 2419 2678 2358 2469 2506 2356 2695 2199 2475 2728 2486 2811 2483 2546 2393 2134 2427 
2701 2580 2676 2870 2896 2413 2590 2480 2491 2679 2753 2700 2462 2513 2710 2619 2313 2809 2586 2659 2654 2763 2785 2788 2608 2574 2609 3065 2398 2662 2600 2336 2976 2625 2504 2409 2542 2669 2265 2697 2523 2864 2732 2731 2907 2892 2762 2590 2565 2764 2550 2374 2725 2736 2657 2613 2443 2533 2484 2909 2598 2523 2420 2713 2760 2643 2906 2587 2586 2879 2616 2836 2561 2490 2814 2891 2540 2536 2813 2613 2517 2673 2734 2628 2916 2466 2669 2695 2496 2983 2480 2500 2928 2837 2938 2688 2580 2632 2470 2544 
2478 2196 2278 2571 2351 2185 2225 2299 2306 2259 2358 2319 2193 2190 2331 2344 2055 2320 2176 2324 2519 2376 2453 2614 2407 2268 2242 2639 2024 2203 2241 2143 2557 2412 2155 2129 2209 2308 2031 2338 2137 2531 2331 2355 2432 2540 2373 2233 2460 2391 2219 2182 2388 2236 2165 2298 2272 2207 2251 2490 2294 2185 2074 2407 2506 2196 2365 2202 2165 2560 2366 2506 2264 2347 2346 2428 2333 2204 2531 2189 2195 2337 2274 2229 2564 2260 2358 2425 2171 2564 2157 2243 2415 2519 2573 2333 2284 2239 2186 2226 
2765 2472 2487 2866 2753 2351 2510 2449 2416 2459 2543 2549 2504 2407 2470 2566 2171 2573 2410 2607 2627 2690 2689 2543 2567 2634 2456 2916 2324 2495 2573 2285 2657 2628 2306 2421 2393 2676 2154 2685 2328 2811 2583 2492 2705 2817 2737 2498 2624 2657 2431 2365 2625 2495 2387 2493 2376 2413 2334 2700 2365 2502 2474 2624 2680 2453 2714 2256 2349 2748 2581 2577 2431 2379 2820 2632 2542 2578 2737 2437 2437 2667 2631 2475 2852 2404 2453 2688 2485 2805 2389 2428 2686 2709 2828 2607 2574 2480 2417 2656 
2843 2820 2762 3021 2862 2502 2625 2568 2572 2713 2760 2810 2547 2604 2758 2703 2558 2910 2713 2712 2820 2727 2935 2860 2703 2659 2807 3162 2357 2740 2693 2530 3032 2731 2547 2482 2486 2774 2373 2799 2571 2893 2789 2878 2930 2935 2774 2668 2772 2812 2746 2530 2985 2846 2695 2645 2593 2639 2486 2852 2591 2532 2565 2895 2873 2755 2783 2634 2710 3045 2940 2894 2548 2676 2985 2908 2661 2624 2917 2638 2772 2739 2768 2727 2920 2712 2757 2669 2484 2931 2516 2669 3098 2851 3062 2901 2758 2564 2557 2609 
2647 2472 2542 2759 2710 2320 2513 2464 2294 2481 2366 2678 2326 2321 2512 2325 2201 2516 2436 2575 2403 2517 2751 2721 2537 2490 2460 2731 2228 2350 2382 2260 2894 2407 2431 2250 2366 2526 2143 2653 2388 2650 2551 2666 2642 2655 2628 2485 2398 2615 2417 2345 2655 2447 2409 2472 2375 2361 2264 2533 2345 2403 2350 2710 2636 2557 2712 2439 2388 2695 2555 2598 2404 2408 2644 2562 2385 2402 2604 2347 2446 2458 2627 2507 2684 2411 2485 2465 2365 2686 2101 2379 2719 2593 2724 2548 2504 2444 2318 2430 
2498 2340 2357 2574 2405 2278 2211 2384 2088 2320 2338 2337 2136 2201 2318 2107 2145 2400 2290 2348 2379 2376 2566 2477 2317 2215 2344 2648 2032 2288 2330 2161 2525 2285 2175 2094 2039 2462 1998 2494 2160 2543 2289 2392 2438 2587 2581 2236 2362 2299 2349 2287 2291 2458 2204 2264 2179 2308 2123 2539 2201 2048 2116 2333 2522 2399 2381 2207 2244 2534 2451 2472 2106 2263 2557 2557 2350 2299 2483 2134 2266 2341 2366 2229 2369 2208 2300 2365 2151 2555 2161 2211 2645 2519 2559 2572 2294 2198 2186 2241 
2583 2253 2387 2683 2551 2166 2364 2232 2160 2352 2311 2498 2209 2133 2410 2382 2039 2298 2308 2366 2367 2290 2549 2560 2343 2305 2361 2621 2045 2245 2292 2046 2623 2328 2125 2104 2153 2260 1944 2368 2241 2441 2412 2428 2439 2567 2505 2206 2406 2357 2173 2277 2469 2359 2262 2385 2256 2118 2298 2470 2374 2258 2139 2569 2483 2338 2496 2210 2266 2560 2426 2381 2125 2386 2525 2551 2196 2198 2530 2260 2224 2326 2515 2246 2473 2363 2345 2332 2122 2730 2089 2273 2390 2458 2588 2291 2284 2263 2185 2258 
2743 2444 2619 2735 2660 2388 2566 2315 2341 2486 2649 2515 2412 2473 2586 2387 2284 2461 2336 2727 2576 2625 2722 2687 2409 2303 2484 2919 2307 2572 2480 2276 2777 2674 2424 2310 2312 2509 2288 2600 2300 2676 2636 2669 2561 2653 2807 2534 2474 2614 2367 2370 2566 2517 2366 2442 2300 2410 2395 2605 2418 2454 2336 2609 2667 2365 2597 2308 2437 2694 2594 2630 2408 2400 2783 2607 2471 2354 2696 2383 2406 2583 2659 2485 2726 2385 2555 2550 2355 2673 2369 2534 2587 2727 2776 2611 2511 2373 2292 2391 
2750 2500 2521 2656 2646 2313 2441 2341 2354 2486 2545 2494 2400 2266 2532 2360 2260 2630 2410 2506 2574 2458 2603 2494 2557 2367 2423 2819 2207 2603 2524 2182 2654 2525 2223 2312 2376 2534 2102 2663 2283 2579 2576 2548 2632 2636 2528 2387 2507 2616 2465 2250 2647 2438 2365 2404 2294 2508 2393 2593 2469 2412 2317 2573 2496 2378 2667 2234 2327 2770 2595 2603 2369 2385 2642 2668 2551 2439 2705 2388 2406 2518 2800 2412 2709 2383 2431 2644 2313 2627 2278 2443 2664 2550 2877 2569 2568 2350 2372 2299 
2571 2230 2581 2618 2627 2405 2434 2403 2425 2489 2382 2521 2324 2250 2372 2406 2112 2497 2303 2525 2407 2419 2518 2713 2454 2394 2310 2664 2221 2294 2272 2160 2748 2380 2402 2255 2186 2539 2083 2658 2152 2578 2458 2470 2604 2622 2569 2379 2525 2537 2488 2181 2593 2378 2379 2153 2305 2316 2266 2498 2446 2314 2280 2613 2492 2474 2620 2371 2305 2631 2509 2547 2452 2365 2494 2637 2433 2357 2507 2259 2304 2451 2550 2467 2544 2267 2404 2539 2269 2664 2151 2304 2485 2516 2704 2464 2462 2329 2201 2246 
2327 2149 2276 2445 2494 2217 2219 2111 2117 2312 2359 2247 2197 2051 2368 2209 1937 2277 2255 2276 2313 2291 2348 2459 2303 2155 2297 2452 1917 2277 2129 2061 2446 2167 2086 2147 2124 2278 1887 2245 2127 2493 2268 2340 2392 2392 2383 2094 2221 2194 2157 2080 2374 2282 2233 2126 2125 2117 2179 2388 2382 1965 2114 2370 2439 2289 2417 2074 2090 2398 2264 2265 2149 2133 2407 2474 2172 2197 2337 2238 2215 2328 2337 2239 2367 2186 2288 2312 2143 2467 2104 2174 2407 2364 2390 2337 2211 2110 2144 2206 
2930 2406 2596 2799 2769 2453 2493 2507 2364 2393 2669 2651 2496 2468 2441 2536 2290 2687 2487 2619 2706 2651 2596 2587 2432 2476 2604 2936 2236 2513 2520 2162 2772 2681 2359 2315 2423 2639 2247 2651 2323 2699 2598 2603 2726 2740 2862 2460 2502 2561 2491 2366 2680 2428 2378 2491 2496 2585 2294 2781 2524 2365 2386 2612 2822 2443 2564 2340 2480 2766 2631 2734 2514 2331 2724 2695 2383 2642 2913 2395 2429 2520 2669 2559 2804 2480 2648 2693 2423 2776 2358 2499 2784 2726 2801 2724 2632 2369 2411 2531 
2642 2443 2513 2718 2595 2275 2543 2413 2454 2379 2292 2546 2220 2392 2430 2409 2240 2490 2405 2501 2524 2481 2686 2580 2418 2433 2373 2824 2316 2460 2529 2242 2676 2520 2338 2138 2373 2563 2246 2670 2315 2759 2616 2487 2586 2594 2647 2381 2507 2609 2313 2426 2542 2418 2447 2567 2475 2398 2209 2444 2445 2388 2271 2452 2697 2561 2689 2417 2305 2708 2456 2502 2449 2396 2640 2618 2523 2229 2713 2430 2348 2546 2560 2431 2848 2442 2530 2516 2295 2711 2246 2470 2638 2653 2795 2535 2372 2498 2232 2356 
2662 2466 2577 2645 2717 2378 2454 2375 2337 2450 2497 2556 2387 2417 2486 2428 2176 2492 2388 2482 2678 2580 2672 2500 2478 2408 2404 2835 2224 2542 2468 2238 2690 2539 2254 2371 2408 2631 2235 2630 2373 2727 2620 2610 2568 2654 2613 2455 2515 2593 2456 2251 2693 2508 2470 2477 2402 2392 2337 2737 2340 2413 2290 2439 2703 2448 2680 2292 2326 2834 2428 2640 2480 2436 2688 2622 2435 2453 2778 2256 2454 2665 2648 2423 2744 2414 2561 2683 2268 2834 2172 2533 2716 2482 2776 2569 2582 2454 2257 2344 
2807 2375 2531 2774 2619 2416 2529 2471 2480 2369 2379 2604 2316 2284 2263 2422 2240 2518 2538 2534 2445 2446 2625 2580 2491 2393 2670 2795 2192 2386 2409 2146 2819 2457 2333 2273 2369 2570 2238 2726 2316 2654 2566 2509 2653 2550 2564 2403 2559 2496 2468 2325 2683 2492 2388 2394 2523 2374 2271 2578 2478 2405 2285 2509 2731 2484 2621 2325 2333 2853 2646 2629 2332 2481 2615 2591 2498 2473 2636 2423 2470 2520 2663 2531 2646 2536 2648 2566 2311 2806 2178 2534 2644 2655 2803 2613 2436 2411 2315 2461 
2848 2570 2695 2829 2846 2481 2622 2373 2710 2557 2602 2587 2492 2437 2538 2516 2402 2684 2500 2779 2691 2604 2758 2720 2555 2620 2594 3120 2424 2503 2471 2315 2915 2698 2466 2398 2560 2482 2319 2786 2442 2800 2737 2604 2765 2746 2764 2599 2632 2885 2641 2445 2667 2557 2605 2545 2505 2422 2540 2485 2481 2565 2439 2798 2794 2544 2795 2497 2506 2969 2710 2905 2561 2516 2744 2812 2636 2511 2778 2562 2513 2748 2758 2569 3032 2469 2534 2775 2366 2855 2455 2678 2660 2862 3024 2639 2669 2621 2374 2609 
2840 2703 2685 2985 2858 2518 2626 2555 2580 2652 2741 2699 2461 2605 2590 2632 2386 2614 2441 2697 2836 2757 2806 2976 2708 2578 2717 3014 2356 2553 2473 2471 2898 2697 2530 2540 2473 2770 2311 2689 2321 2778 2598 2854 2690 2874 2807 2628 2722 2720 2656 2424 2775 2716 2553 2680 2554 2596 2425 2814 2629 2442 2457 2867 2815 2559 2913 2450 2477 2864 2763 2859 2645 2709 2719 2823 2677 2577 2805 2554 2679 2737 2647 2721 2951 2613 2608 2678 2517 2878 2492 2639 2829 2759 2935 2724 2530 2464 2624 2591 
2619 2415 2375 2742 2658 2394 2355 2326 2367 2156 2340 2447 2369 2282 2288 2382 2212 2454 2267 2473 2536 2521 2540 2621 2409 2336 2418 2627 2113 2322 2323 2129 2667 2412 2242 2222 2243 2380 2189 2582 2055 2677 2488 2386 2474 2569 2536 2270 2453 2485 2271 2334 2501 2319 2216 2321 2405 2335 2272 2512 2293 2236 2138 2406 2730 2321 2564 2261 2306 2536 2390 2589 2350 2359 2570 2505 2366 2283 2626 2265 2290 2416 2490 2346 2650 2298 2517 2418 2222 2539 2237 2444 2608 2651 2560 2462 2539 2308 2267 2446 
2881 2821 2861 3025 2880 2601 2757 2551 2631 2721 2749 2707 2509 2632 2865 2714 2425 2801 2495 2844 2886 2714 2890 2989 2721 2763 2695 3022 2458 2819 2641 2574 3060 2833 2404 2573 2552 2789 2431 2816 2504 3047 2781 2861 2998 3030 2899 2623 2747 2921 2729 2503 2902 2883 2678 2698 2706 2524 2542 3019 2662 2654 2419 2859 2876 2607 2887 2630 2459 3011 2734 2906 2702 2784 2850 2926 2779 2735 2860 2647 2579 2743 2832 2735 3029 2651 2850 2848 2598 2980 2610 2659 2868 2960 2985 2818 2918 2721 2708 2686 
2531 2387 2494 2570 2511 2228 2289 2297 2308 2333 2389 2402 2125 2466 2482 2277 2084 2441 2262 2460 2424 2365 2529 2493 2440 2337 2381 2639 2069 2482 2268 2071 2603 2419 2087 2234 2292 2647 2154 2562 2242 2689 2354 2486 2617 2574 2555 2317 2253 2478 2422 2195 2465 2443 2460 2224 2198 2257 2227 2496 2238 2309 2295 2375 2525 2380 2584 2286 2098 2718 2385 2453 2423 2230 2532 2536 2394 2348 2638 2294 2306 2429 2539 2311 2538 2222 2367 2473 2251 2554 2004 2275 2581 2392 2659 2537 2424 2340 2254 2339 
2340 2196 2288 2413 2331 2008 2195 2029 1990 2091 2258 2358 2149 2111 2174 2039 1938 2182 2148 2313 2224 2282 2293 2369 2250 2057 2148 2557 1960 2269 2098 2081 2547 2121 2016 2024 2051 2233 2013 2269 2017 2234 2289 2299 2228 2313 2380 2180 2268 2152 2057 1917 2323 2244 2083 2211 2047 2223 2148 2285 2024 2052 2002 2291 2293 2213 2330 1953 2031 2442 2275 2231 2023 2042 2358 2308 2213 2278 2302 2291 2162 2256 2307 2164 2500 2088 2223 2275 1996 2313 1984 2049 2322 2361 2383 2299 2096 2032 2157 2144 
2613 2472 2446 2538 2517 2143 2347 2298 2182 2284 2398 2281 2360 2235 2395 2286 2109 2310 2278 2348 2522 2539 2502 2512 2343 2292 2365 2653 2171 2198 2289 2185 2585 2443 2184 2170 2111 2356 2050 2498 2197 2695 2433 2456 2438 2432 2477 2398 2398 2515 2263 2146 2371 2378 2214 2268 2152 2303 2252 2491 2256 2277 2213 2474 2594 2213 2466 2222 2165 2589 2427 2591 2364 2328 2529 2435 2512 2211 2627 2197 2209 2313 2517 2203 2627 2260 2329 2576 2221 2629 2192 2320 2583 2539 2658 2476 2388 2295 2227 2231 
2526 2370 2329 2661 2526 2336 2295 2235 2146 2422 2427 2360 2271 2212 2293 2176 2080 2344 2300 2514 2402 2484 2440 2295 2320 2374 2521 2768 2121 2278 2313 2030 2617 2481 2261 2111 2395 2322 2087 2558 2238 2619 2394 2375 2536 2504 2547 2275 2293 2498 2319 2126 2411 2344 2290 2256 2157 2238 2148 2470 2139 2376 2117 2446 2521 2170 2402 2174 2192 2694 2427 2564 2221 2209 2484 2498 2423 2212 2621 2381 2188 2435 2630 2272 2665 2287 2339 2488 2061 2541 2106 2372 2632 2520 2711 2414 2305 2266 2196 2362 
2555 2379 2388 2716 2501 2363 2457 2382 2270 2412 2340 2405 2163 2338 2426 2359 2157 2429 2122 2491 2539 2480 2451 2582 2400 2353 2281 2704 2266 2287 2228 2165 2605 2396 2220 2233 2178 2483 1991 2382 2204 2594 2314 2428 2605 2672 2607 2291 2532 2476 2288 2285 2409 2415 2331 2256 2222 2262 2047 2627 2253 2240 2132 2509 2602 2485 2548 2331 2174 2607 2481 2584 2266 2415 2377 2586 2309 2312 2567 2245 2375 2508 2494 2348 2553 2281 2302 2466 2223 2651 2254 2299 2543 2695 2669 2622 2491 2399 2246 2296 
2437 2227 2368 2487 2459 2091 2249 2334 2304 2230 2241 2145 2141 2224 2332 2281 2087 2392 2084 2444 2405 2423 2493 2521 2268 2297 2046 2593 2067 2264 2338 2219 2489 2366 2122 2005 2156 2317 2059 2540 2120 2563 2335 2437 2340 2548 2441 2190 2206 2352 2287 2331 2403 2302 2198 2241 2143 2333 2104 2509 2163 2114 2027 2357 2594 2281 2491 2268 2195 2515 2327 2500 2095 2291 2457 2439 2364 2115 2575 2247 2151 2240 2361 2226 2444 2193 2279 2377 2267 2627 2225 2289 2448 2453 2513 2487 2375 2238 2188 2336 
2604 2518 2508 2682 2636 2445 2496 2282 2372 2529 2451 2536 2269 2399 2443 2431 2201 2534 2376 2637 2610 2563 2668 2590 2501 2503 2439 2880 2276 2392 2407 2212 2797 2443 2366 2296 2351 2510 2077 2585 2352 2640 2465 2512 2578 2642 2710 2369 2641 2623 2332 2365 2568 2465 2399 2386 2295 2393 2367 2522 2341 2444 2320 2602 2696 2471 2656 2372 2363 2749 2540 2671 2331 2365 2526 2633 2427 2455 2624 2359 2372 2596 2704 2440 2708 2438 2466 2534 2350 2676 2277 2370 2627 2652 2828 2677 2381 2457 2216 2443 
2626 2412 2533 2667 2578 2305 2421 2334 2369 2405 2572 2461 2317 2408 2416 2387 2241 2511 2289 2489 2467 2514 2566 2546 2343 2372 2456 2779 2149 2412 2464 2215 2718 2425 2198 2257 2244 2461 2298 2621 2284 2676 2580 2458 2560 2581 2596 2384 2460 2590 2378 2241 2589 2476 2281 2443 2363 2379 2230 2652 2206 2296 2197 2476 2630 2351 2533 2317 2252 2684 2467 2591 2301 2389 2605 2601 2426 2284 2715 2410 2244 2540 2564 2259 2625 2366 2457 2521 2240 2706 2229 2430 2719 2673 2804 2641 2538 2455 2208 2304 
2602 2469 2612 2641 2544 2444 2494 2387 2315 2397 2428 2472 2247 2235 2532 2420 2185 2400 2421 2553 2578 2531 2599 2689 2537 2414 2508 2811 2182 2424 2449 2219 2911 2412 2342 2324 2301 2435 2112 2791 2294 2571 2436 2548 2563 2637 2647 2563 2475 2562 2372 2192 2523 2471 2360 2290 2327 2514 2400 2661 2489 2393 2151 2526 2594 2436 2645 2272 2235 2618 2488 2674 2487 2208 2615 2683 2494 2372 2740 2490 2414 2483 2665 2326 2697 2327 2593 2613 2331 2638 2272 2332 2586 2590 2776 2597 2412 2342 2426 2301 
2785 2408 2414 2593 2675 2245 2418 2322 2357 2480 2578 2259 2411 2172 2453 2373 2228 2505 2364 2431 2554 2552 2567 2635 2521 2281 2461 2789 2238 2412 2376 2142 2697 2469 2160 2192 2244 2448 1992 2492 2273 2803 2489 2596 2514 2552 2554 2518 2436 2464 2490 2266 2532 2496 2380 2340 2236 2360 2309 2566 2368 2255 2229 2585 2634 2422 2508 2197 2432 2773 2613 2680 2277 2375 2610 2783 2401 2417 2581 2249 2454 2409 2537 2389 2678 2281 2506 2496 2375 2669 2411 2431 2486 2629 2712 2508 2403 2271 2380 2441 
2691 2450 2674 2834 2694 2434 2547 2469 2540 2461 2492 2654 2350 2536 2520 2432 2263 2638 2547 2696 2758 2646 2632 2702 2493 2594 2304 2971 2284 2533 2452 2312 2830 2586 2457 2353 2323 2603 2255 2705 2319 2720 2571 2618 2669 2802 2800 2442 2636 2713 2423 2470 2727 2426 2509 2461 2343 2550 2389 2706 2546 2421 2417 2637 2746 2562 2656 2471 2469 2687 2604 2722 2560 2397 2728 2708 2549 2447 2791 2450 2450 2680 2598 2443 2750 2540 2489 2623 2470 2808 2272 2410 2782 2705 2789 2746 2598 2496 2341 2477 
2681 2325 2490 2670 2521 2289 2447 2341 2375 2429 2471 2422 2267 2346 2384 2332 2142 2406 2296 2498 2416 2453 2635 2489 2418 2250 2347 2839 2223 2473 2357 2060 2688 2487 2215 2241 2235 2503 2212 2483 2247 2625 2466 2452 2539 2567 2585 2285 2361 2412 2311 2236 2425 2419 2356 2424 2203 2324 2225 2608 2377 2333 2071 2400 2767 2312 2517 2287 2251 2660 2447 2571 2249 2335 2591 2666 2434 2382 2658 2294 2388 2476 2559 2461 2637 2343 2485 2487 2225 2711 2116 2380 2627 2609 2678 2545 2496 2280 2218 2423 
2479 2498 2512 2676 2628 2272 2316 2330 2284 2367 2442 2381 2341 2281 2430 2363 2150 2481 2402 2474 2502 2443 2586 2636 2469 2351 2374 2701 2046 2333 2315 2245 2781 2399 2202 2210 2192 2436 1956 2558 2185 2618 2354 2584 2482 2639 2535 2359 2415 2419 2440 2206 2552 2448 2325 2254 2203 2395 2288 2587 2345 2186 2154 2605 2539 2454 2627 2279 2291 2556 2410 2601 2235 2436 2582 2733 2319 2337 2513 2338 2433 2409 2432 2365 2581 2259 2417 2486 2299 2712 2171 2306 2595 2506 2618 2511 2412 2225 2338 2345 
2760 2546 2752 2862 2762 2410 2593 2522 2486 2593 2679 2662 2366 2596 2622 2511 2307 2761 2388 2668 2633 2689 2761 2663 2567 2450 2552 2995 2345 2442 2435 2361 2875 2673 2461 2345 2429 2630 2330 2750 2463 2911 2676 2563 2727 2886 2702 2519 2654 2747 2522 2458 2669 2646 2524 2579 2441 2386 2339 2812 2465 2373 2347 2555 2798 2604 2774 2620 2366 2849 2603 2781 2441 2599 2674 2753 2595 2451 2678 2411 2554 2643 2703 2692 2754 2479 2607 2638 2320 2912 2307 2550 2844 2803 2912 2689 2639 2587 2293 2523 
3141 2746 2766 3043 3036 2554 2839 2707 2698 2806 2860 2789 2602 2633 2838 2801 2456 2859 2735 2782 2810 2883 2822 2880 2807 2697 2711 3092 2455 2766 2760 2435 3173 2864 2412 2566 2689 2831 2415 2996 2646 3135 2849 2817 3012 3004 2924 2687 2727 2913 2829 2567 2875 2723 2648 2745 2522 2737 2638 3018 2545 2742 2570 2908 3084 2713 2926 2689 2455 3020 2836 3071 2720 2688 2938 2918 2786 2652 2972 2613 2671 2724 2980 2660 3041 2697 2836 3021 2545 3011 2503 2737 3016 2898 3104 2910 2786 2725 2702 2791 
